image_width: 640
image_height: 480
camera_matrix:
- - 561.0387722047776
  - 0.0
  - 312.7828877066047
- - 0.0
  - 560.6046874666099
  - 228.99195606907725
- - 0.0
  - 0.0
  - 1.0
distortion_coefficients:
- -0.49565153046857846
- 0.42019067697118323
- 0.002979516207203924
- 0.0014456792386355172
- -0.2751962224783703
rms_reprojection_error: 0.5243626419664218
board:
  squares_x: 5
  squares_y: 7
  square_length_m: 0.04
  marker_length_m: 0.02
  aruco_dictionary: 0
per_view_errors: []
