image_width: 640
image_height: 480
camera_matrix:
- - 552.3104812354746
  - 0.0
  - 331.5570001035475
- - 0.0
  - 552.96624607456
  - 264.94487781609297
- - 0.0
  - 0.0
  - 1.0
distortion_coefficients:
- -0.47823069652970185
- 0.40213814131238507
- -0.0001359602666601651
- 0.00022036666519122545
- -0.23298797628129597
rms_reprojection_error: 0.5794734043348263
board:
  squares_x: 5
  squares_y: 7
  square_length_m: 0.04
  marker_length_m: 0.02
  aruco_dictionary: 0
per_view_errors: []
